[40.5925794, 40.6433644, 22.9024033, 22.9631086]
[40.6313614, 40.6433644, 22.9024033, 22.9398422]
[40.6326968, 40.6433644, 22.9024033, 22.9177313]
[40.6378713, 40.6433644, 22.9024033, 22.9060084]
[40.6376992, 40.6389235, 22.9133812, 22.9177313]
[40.6326968, 40.6333448, 22.9054747, 22.9117877]
[40.6331583, 40.6352231, 22.9126687, 22.916883]
[40.6344619, 40.6373344, 22.9190976, 22.9285904]
[40.6344619, 40.6347941, 22.9190976, 22.9238955]
[40.6368263, 40.6373344, 22.9196883, 22.9285904]
[40.6349309, 40.6352175, 22.9255263, 22.9272086]
[40.6340803, 40.6364623, 22.9302884, 22.9398422]
[40.6340803, 40.6346347, 22.9302884, 22.9367867]
[40.6356799, 40.6364623, 22.9321352, 22.9398422]
[40.6313614, 40.6355194, 22.9340438, 22.9397836]
[40.6313614, 40.6332466, 22.9340438, 22.9358121]
[40.6333245, 40.6338108, 22.9381142, 22.9386487]
[40.6324251, 40.6327482, 22.9391119, 22.9396748]
[40.6341087, 40.6355194, 22.9389488, 22.9397836]
[40.6298506, 40.639852, 22.9369498, 22.9439459]
[40.6337841, 40.6395981, 22.9369498, 22.9439459]
[40.6385139, 40.6395981, 22.9369498, 22.9439459]
[40.6337841, 40.6346118, 22.9373194, 22.9380954]
[40.6298506, 40.639852, 22.9405361, 22.9438433]
[40.6311533, 40.6371819, 22.9405361, 22.9418525]
[40.6381119, 40.6383966, 22.9414086, 22.9416918]
[40.6375008, 40.639852, 22.9424061, 22.943085]
[40.6298506, 40.6304921, 22.9429258, 22.9438433]
[40.5925794, 40.6290943, 22.9449425, 22.9631086]
[40.6079085, 40.6206925, 22.9505314, 22.9631086]
[40.6079085, 40.6184277, 22.9533545, 22.9631086]
[40.6084975, 40.6110102, 22.9505314, 22.9518554]
[40.6166084, 40.619522, 22.9528676, 22.953122]
[40.6202691, 40.6206925, 22.9524497, 22.952608]
[40.6217264, 40.6236547, 22.950975, 22.9522844]
[40.6217264, 40.6226443, 22.950975, 22.952024]
[40.6229483, 40.6236547, 22.952175, 22.9522844]
[40.5925794, 40.6290943, 22.9449425, 22.9491071]
[40.5925794, 40.5940101, 22.9470511, 22.9482348]
[40.5966335, 40.5983084, 22.9466695, 22.9473733]
[40.5956038, 40.598803, 22.9485235, 22.9491071]
[40.6264121, 40.6274555, 22.9473523, 22.9488278]
[40.6280924, 40.6290943, 22.9449425, 22.9464056]
